19
 0 13  6 14  6 23 12 10 24 20 10 10 16 12  7 27 14  7 15 
13  0  9 20 16 18 15 15 11 19 23 18  3 16 21 24 10 17 18 
 6  9  0 12 12 24  7  7 18 23 16  9 12  8 13 29 14  8 19 
14 20 12  0 20 36  5  5 27 34 18  4 23  4 16 41 27  8 30 
 6 16 12 20  0 21 18 16 28 17  9 16 19 18  7 23 14 12 11 
23 18 24 36 21  0 31 31 24  5 30 33 17 32 28  7  9 30 11 
12 15  7  5 18 31  0  2 22 30 18  5 18  1 15 37 22  7 26 
10 15  7  5 16 31  2  0 23 29 16  3 18  2 13 36 22  5 25 
24 11 18 27 28 24 22 23  0 27 34 26  9 23 31 31 18 26 27 
20 19 23 34 17  5 30 29 27  0 26 31 19 31 25  6  9 27  6 
10 23 16 18  9 30 18 16 34 26  0 14 26 18  2 32 23 10 20 
10 18  9  4 16 33  5  3 26 31 14  0 21  4 12 37 23  4 26 
16  3 12 23 19 17 18 18  9 19 26 21  0 18 23 23 10 20 18 
12 16  8  4 18 32  1  2 23 31 18  4 18  0 15 37 23  7 27 
 7 21 13 16  7 28 15 13 31 25  2 12 23 15  0 31 21  8 19 
27 24 29 41 23  7 37 36 31  6 32 37 23 37 31  0 14 34 12 
14 10 14 27 14  9 22 22 18  9 23 23 10 23 21 14  0 21  8 
 7 17  8  8 12 30  7  5 26 27 10  4 20  7  8 34 21  0 22 
15 18 19 30 11 11 26 25 27  6 20 26 18 27 19 12  8 22  0 

125
0 4 18 9 15 5 16 8 12 1 2 7 6 13 3 11 17 10 14 0
